300 1 0 0 0 0 11-Mart-2020 
800 2 0 0 0 0 12-Mart-2020 
1900 4 0 0 0 0 13-Mart-2020 
2800 6 0 0 0 0 14-Mart-2020 
4300 18 1 0 0 0 15-Mart-2020 
6200 47 2 0 0 0 16-Mart-2020 
8002 98 4 0 0 0 17-Mart-2020 
10017 191 5 0 0 0 18-Mart-2020 
11998 359 7 0 0 0 19-Mart-2020 
15654 670 11 0 0 0 20-Mart-2020 
18606 947 21 0 0 0 21-Mart-2020 
20344 1236 30 3 50 20 22-Mart-2020 
24016 1529 37 7 90 70 23-Mart-2020 
27968 1872 44 11 136 102 24-Mart-2020 
33003 2433 59 16 175 145 25-Mart-2020 
40289 3629 75 26 236 202 26-Mart-2020 
47822 5698 92 42 344 241 27-Mart-2020 
55463 7402 108 70 445 309 28-Mart-2020 
65445 9217 131 105 568 394 29-Mart-2020 
76980 10827 168 162 735 523 30-Mart-2020 
92402 13531 214 243 847 622 31-Mart-2020 
106799 15679 277 333 979 692 1-Nisan-2020 
125556 18135 356 415 1101 783 2-Nisan-2020 
141716 20921 425 484 1251 867 3-Nisan-2020 
161380 23934 501 786 1311 939 4-Nisan-2020 
