300 1 0 0 0 0 11-Mart-2020 
500 1 0 0 0 0 12-Mart-2020 
1100 2 0 0 0 0 13-Mart-2020 
900 2 0 0 0 0 14-Mart-2020 
1500 12 1 0 0 0 15-Mart-2020 
1900 29 1 0 0 0 16-Mart-2020 
1802 51 2 0 0 0 17-Mart-2020 
2015 93 1 0 0 0 18-Mart-2020 
1981 168 2 0 0 0 19-Mart-2020 
3656 311 4 0 0 0 20-Mart-2020 
2952 277 10 0 0 0 21-Mart-2020 
1738 289 9 3 50 20 22-Mart-2020 
3672 293 7 4 40 50 23-Mart-2020 
3952 343 7 4 46 32 24-Mart-2020 
5035 561 15 5 39 43 25-Mart-2020 
7286 1196 16 10 61 57 26-Mart-2020 
7533 2069 17 16 108 39 27-Mart-2020 
7641 1704 16 28 101 68 28-Mart-2020 
9982 1815 23 35 123 85 29-Mart-2020 
11535 1610 37 57 167 129 30-Mart-2020 
15422 2704 46 81 112 99 31-Mart-2020 
14397 2148 63 90 132 70 1-Nisan-2020 
18757 2456 79 82 122 91 2-Nisan-2020 
16160 2786 69 69 150 84 3-Nisan-2020 
19664 3013 76 302 60 72 4-Nisan-2020 
